## Rust

A = [[1.9393939, 0.5, 2.5000002], [1, 1, 1], [0.09090909, 0.1666666, 13.166667]]
B = [[0.21267347, 0, 0], [0, 0.7151511, 0], [0, 0, 0.07217479]]
R = [[0.41245762, 0.106336735, 0.53168374], [0.7151511, 0.7151511, 0.7151511], [0.0065613445, 0.012029126, 0.9503014]]

# C++

A = [[1.9393939, 0.5, 2.5000002 ], [1, 1, 1 ], [0.09090909, 0.1666666, 13.166667]]
B = [[0.21267347, 0, 0], [ 0, 0.7151511, 0 ], [0, 0, 0.07217479] ]
R = [[0.41245762, 0.35757554, 0.18043698 ], [ 0.21267347, 0.7151511, 0.07217479 ], [ 0.019333953, 0.119191796, 0.9503014 ] ]